276
77
229
412
1160
472
401
211
230
386
8
392
176
119
308
388
116
12
435
303
358
23
42
416
403
66
164
390
170
294
264
117
330
400
3800
208
274
366
299
217
10
204
146
143
407
232
328
473
79
434
256
356
304
316
329
477
70
253
81
219
4260
154
312
225
5
181
4220
50
3
283
411
325
2290
340
182
279
68
349
160
144
8300
179
3690
124
479
209
2530
174
172
293
244
78
2250
448
88
234
130
260
113
5000
251
135
282
1810
241
105
275
46
370
55
205
218
67
199
463
455
3080
6
21
2560
4350
1430
156
92
474
210
196
375
91
177
102
82
301
406
262
339
348
333
344
187
354
25600
56
231
221
114
150
97
780
121
436
1440
2830
431
443
216
374
395
2930
326
190
90
377
188
85
277
38000
439
184
107
1170
1240
45
2300
48
35
41
2750
64
1190
278
560
2080
212
1790
215
359
24
95
290
191
346
313
65
120
475
367
83
285
380
369
422
229
248
52
123
311
192
426
17
412
428
127
462
